0x0123456789ABCDEF
0 0 0 0 0 0 0 1 0 0 1 0 0 0 1 1 0 1 0 0 0 1 0 1 0 1 1 0 0 1 1 1 1 0 0 0 1 0 0 1 1 0 1 0 1 0 1 1 1 1 0 0 1 1 0 1 1 1 1 0 1 1 1 1
00  00  00  10  00  01  00  11  10  00  10  10  10  01  10  11  01  00  01  10  01  01  01  11  11  00  11  10  11  01  11  11
0000    1000    0100    1100    0010    1010    0110    1110    0001    1001    0101    1101    0011    1011    0111    1111
10000000        11000100        10100010        11100110        10010001        11010101        10110011        11110111
1100010010000000                1110011010100010                1101010110010001                1111011110110011
11100110101000101100010010000000                                11110111101100111101010110010001
1111011110110011110101011001000111100110101000101100010010000000
0xF7B3D591E6A2C480


0000 0001 0010 0011 0100 0101 0110 0111 1000 1001 1010 1011 1100 1101 1110 1111
1111 0111 1011 0011 1101 0101 1001 0001 1110 0110 1010 0010 1100 0100 1000 0000



0000000100100011010001010110011110001001101010111100110111101111 Oryginał

1111011110110011110101011001000111100110101000101100010010000000 Wynik ze strony/niezależnego źródła
1111011110110011110101011001000111100110101000101100010010000000 Mój wynik
0000000000000000110101011001000111110111101100110000000000000000 Wynik ze sprawdzarki

No chyba, że się pomyliłem. Wtedy to ten ze sprawdzarki jest dobry, a mój poparpany.